Webots Project File version R2025a
perspectives: 000000ff00000000fd00000003000000000000000000000000fc0100000002fc00000000ffffffff0000000000fffffffc0200000001fb00000012005300630065006e0065005400720065006501000000000000039f0000000000000000fb0000001a0044006f00630075006d0065006e0074006100740069006f006e0000000000ffffffff0000000000000000000000010000034d000002f8fc0200000001fb0000001400540065007800740045006400690074006f00720100000000000002f80000008a00ffffff00000003000006ac00000210fc0100000002fb0000000e0043006f006e0073006f006c006501000000000000073f0000000000000000fb0000001a0043006f006e0073006f006c00650041006c006c0041006c006c0100000000000006ac0000008700ffffff0000035d000002f800000004000000040000000100000008fc00000000
simulationViewPerspectives: 000000ff000000010000000200000134000002740100000002010000000101
sceneTreePerspectives: 000000ff00000001000000030000001e000000c00000015a0100000002010000000201
maximizedDockId: -1
centralWidgetVisible: 1
orthographicViewHeight: 1
textFiles: 0 "controllers/disc_wes_flight_controller_crazyflie/disc_wes_flight_controller_crazyflie.c"
consoles: Console:All:All
renderingDevicePerspectives: Crazyflie:camera;0;0.0987654;0;0
renderingDevicePerspectives: Crazyflie:down_camera;1;3.23438;0;0
